66 82 6 7
66 81 10 7
80 81 6 7
9 82 5 7
66 67 9 5
10 67 11 5
9 10 9 1
8 9 10 1
8 46 10 3
10 46 9 3
57 66 10 5
57 65 13 5
64 65 6 5
8 57 11 4
10 11 12 1
10 107 6 3
11 107 6 3
56 57 15 4
55 56 13 4
54 55 16 4
53 54 15 4
52 53 24 4
52 99 6 9
99 100 7 9
100 101 7 9
101 102 5 9
102 103 15 9
103 104 8 9
104 105 6 9
105 106 13 9
51 106 12 9
50 51 17 3
49 50 11 3
48 49 13 3
47 48 11 3
11 47 13 3
9 77 7 7
10 68 7 5
68 77 9 6
11 12 12 1
12 79 15 6
12 78 7 6
68 78 10 6
34 68 10 5
34 35 8 2
13 35 9 2
13 36 6 2
36 37 11 2
37 38 10 2
38 39 10 2
39 40 17 2
40 41 14 2
41 42 13 2
42 43 12 2
43 44 12 2
13 14 18 1
14 15 13 1
15 16 13 1
16 17 12 1
17 18 19 1
18 19 16 1
19 20 15 1
12 13 10 1
8 58 7 4
58 77 10 6
77 83 6 7
33 83 4 7
33 34 9 2
32 58 10 4
32 33 10 2
58 76 9 6
30 76 8 6
31 32 9 2
30 31 18 2
8 45 9 3
6 45 13 3
5 6 10 1
4 5 18 1
3 4 7 1
2 3 9 1
1 2 20 1
7 8 9 1
6 7 13 1
6 30 12 2
33 84 13 7
59 84 10 7
32 59 13 4
34 69 11 5
69 70 15 5
70 71 9 5
71 72 10 5
72 73 9 5
73 74 11 5
60 70 13 8
60 61 11 4
61 62 14 4
62 63 18 4
59 60 12 4
30 75 6 6
28 75 7 6
28 29 8 2
6 29 10 2
59 85 11 7
85 86 7 7
86 87 17 7
87 88 12 7
88 89 11 7
89 90 12 7
90 91 13 7
60 98 12 8
87 98 9 8
27 28 13 2
26 27 13 2
25 26 8 2
24 25 11 2
23 24 10 2
23 94 18 8
93 94 10 8
92 93 9 8
22 23 12 2
21 22 18 2
23 95 12 8
95 96 9 8
96 97 13 8
87 97 14 8