470 9
478 96
478 136
478 167
469 242
463 298
492 334
481 385
488 418
484 457
474 511
505 543
558 559
580 621
570 679
563 737
557 791
578 873
569 944
518 1000
924 58
841 111
791 143
759 180
740 222
698 253
629 252
546 246
515 263
548 308
583 348
582 385
580 419
574 457
565 499
553 578
586 609
628 647
670 680
758 682
773 739
851 741
896 773
944 797
466 339
468 423
468 568
452 617
434 667
369 681
330 740
0 575
122 522
202 487
277 450
340 416
410 387
525 385
672 385
737 390
804 399
892 400
996 400
353 324
354 347
415 417
424 451
523 457
649 462
732 450
785 452
798 484
791 526
782 574
546 278
523 338
521 420
515 520
468 605
369 463
372 439
451 416
555 416
654 420
651 335
653 312
751 295
820 287
890 279
932 244
1000 214
733 0
748 41
733 82
837 192
810 222
744 233
737 333
0 596
28 618
57 634
92 634
125 691
145 717
186 717
256 733
479 488